step1：读取标准表，勾选校准；
（1）从A串口读出标准表测到的电参数值；
        eg.
        tx:cc cc 0c 00 0a 01 3a 17 77 88 99 aa bb cc 9                   1
        rx:cc cc 33 00 0a 00 0f 18 d9 09 22 00 3a 2a cc
                             
（2）从B串口将读到的电参数校准至被校准PDU；
        eg.  
         tx: c2 a1 09 27 18 d9 3a 2a 77 88 99 aa bb cc 27
         rx: d1 a1 00 00 00 00 00 00 00 00 00 00 00 00 70

step2：读取PDU的I、U、Pf、P。有功电能、无功电能（没管）
（1）6A负载校准，6A负载检查一次电参数；
（2）切3A负载，3A负载再检查一次电参数；
（3）以上都是通过人工检查、判断是否合格；
68 4E 00 68 00 92 01 00 00 48 43 02 00 00 00 00 03 00 00 00 00 04 00 00 70 43 05 00 00 00 00 06 00 00 F0 42 07 00 00 40 40 08 00 00 00 00 09 00 00 00 00 0A 00 00 70 43 0B 00 00 00 00 0C 00 00 F0 42 0E 00 00 48 42 0F 00 00 48 42 E6 16

68 4E 00 68 00 92 01 00 00 5C 43 02 00 00 00 00 03 00 00 00 00 04 00 00 70 43 05 00 00 00 00 06 00 00 F0 42 07 00 00 C0 40 08 00 00 00 00 09 00 00 00 00 0A 00 00 70 43 0B 00 00 00 00 0C 00 00 F0 42 0E 00 00 48 42 0F 00 00 48 42 7A 16

step3：底数清零：把PDU的有功电能清0.
tx：d0 ab 00 11 22 33 3a 66 77 88 99 aa bb cc 9c
rx：d0 ab 33 ab cd ef 09 29 09 25 09 26 01 42 a1


